250 1 7684 
278 2 15658 
325 3 19598 
289 4 19906 
269 5 33858 
411 6 34703 
329 7 39899 
372 8 41952 
337 9 47014 
265 10 48269 
414 11 53581 
275 12 55715 
331 13 72138 
355 14 72548 
292 15 81194 
361 16 86089 
266 17 93784 
345 18 101798 
321 19 103147 
99 20 112930 
379 21 127541 
344 22 131408 
343 23 133878 
129 24 134477 
355 25 137169 
333 26 138964 
335 27 160035 
309 28 165283 
313 29 165808 
180 30 169451 
352 31 194931 
300 32 202112 
312 33 203323 
341 34 212079 
5 35 217919 
297 36 219319 
397 37 220594 
327 38 225601 
195 39 227160 
330 40 231193 
297 41 232303 
401 42 232683 
442 43 233233 
355 44 233931 
395 45 242058 
99 46 251873 
234 47 252219 
352 48 260615 
414 49 268490 
252 50 273692 
