299 1 2005 
378 2 2089 
367 3 3616 
419 4 6030 
301 5 7159 
264 6 7172 
402 7 7684 
173 8 7871 
66 9 8023 
337 10 9348 
345 11 9577 
332 12 10761 
268 13 11254 
397 14 12154 
348 15 12317 
379 16 13548 
391 17 14712 
335 18 15658 
366 19 16531 
335 20 17210 
316 21 17925 
308 22 19402 
372 23 19435 
388 24 19598 
387 25 19906 
349 26 20045 
345 27 20073 
281 28 20463 
153 29 20543 
378 30 20858 
372 31 21904 
181 32 22530 
285 33 22550 
392 34 23326 
397 35 23621 
294 36 24377 
364 37 24483 
262 38 24949 
333 39 25190 
363 40 26102 
345 41 26834 
318 42 28486 
269 43 28578 
295 44 29623 
304 45 29876 
304 46 29974 
350 47 30019 
357 48 30810 
363 49 33858 
351 50 34027 
2160 1 1 
2212 2 2 
2178 3 3 
2190 4 4 
2204 5 5 
2176 6 6 
2170 7 7 
2190 8 8 
2214 9 9 
2178 10 10 
2204 11 11 
2180 12 12 
2134 13 13 
2162 14 14 
2160 15 15 
2212 16 16 
2178 17 17 
2190 18 18 
2204 19 19 
2176 20 20 
2170 21 21 
2190 22 22 
2214 23 23 
2178 24 24 
2204 25 25 
2180 26 26 
2134 27 27 
2162 28 28 
2160 29 29 
2212 30 30 
2178 31 31 
2190 32 32 
2204 33 33 
2176 34 34 
2170 35 35 
2190 36 36 
2214 37 37 
2178 38 38 
2204 39 39 
2180 40 40 
2134 41 41 
2162 42 42 
2160 43 43 
2212 44 44 
2178 45 45 
2190 46 46 
2204 47 47 
2176 48 48 
2170 49 49 
2190 50 50 
2214 51 51 
2178 52 52 
2204 53 53 
2180 54 54 
2134 55 55 
2162 56 56 
2160 57 57 
2212 58 58 
2178 59 59 
2190 60 60 
2204 61 61 
2176 62 62 
2170 63 63 
2190 64 64 
2214 65 65 
2178 66 66 
2204 67 67 
2180 68 68 
2134 69 69 
2162 70 70 
2160 71 71 
2212 72 72 
2178 73 73 
2190 74 74 
2204 75 75 
2176 76 76 
2170 77 77 
2190 78 78 
2214 79 79 
2178 80 80 
2204 81 81 
2180 82 82 
2134 83 83 
2162 84 84 
2160 85 85 
2212 86 86 
2178 87 87 
2190 88 88 
2204 89 89 
2176 90 90 
2170 91 91 
2190 92 92 
2214 93 93 
2178 94 94 
2204 95 95 
2180 96 96 
2134 97 97 
2162 98 98 
2160 99 99 
2212 100 100 
2178 101 101 
2190 102 102 
2204 103 103 
2176 104 104 
2170 105 105 
2190 106 106 
2214 107 107 
2178 108 108 
2204 109 109 
2180 110 110 
2160 1 1 
2212 2 2 
2178 3 3 
2190 4 4 
2204 5 5 
2176 6 6 
2170 7 7 
2190 8 8 
2214 9 9 
2178 10 10 
2204 11 11 
2180 12 12 
2134 13 13 
2162 14 14 
2160 15 15 
2212 16 16 
2178 17 17 
2190 18 18 
2204 19 19 
2176 20 20 
2170 21 21 
2190 22 22 
2214 23 23 
2178 24 24 
2204 25 25 
2180 26 26 
2134 27 27 
2162 28 28 
2160 29 29 
2212 30 30 
2178 31 31 
2190 32 32 
2204 33 33 
2176 34 34 
2170 35 35 
2190 36 36 
2214 37 37 
2178 38 38 
2204 39 39 
2180 40 40 
2134 41 41 
2162 42 42 
2160 43 43 
2212 44 44 
2178 45 45 
2190 46 46 
2204 47 47 
2176 48 48 
2170 49 49 
2190 50 50 
2160 1 1 
2212 2 2 
2178 3 3 
2190 4 4 
2204 5 5 
2176 6 6 
2170 7 7 
2190 8 8 
2214 9 9 
2178 10 10 
2204 11 11 
2180 12 12 
2134 13 13 
2162 14 14 
2160 15 15 
2212 16 16 
2178 17 17 
2190 18 18 
2204 19 19 
2176 20 20 
2170 21 21 
2190 22 22 
2214 23 23 
2178 24 24 
2204 25 25 
2180 26 26 
2134 27 27 
2162 28 28 
2160 29 29 
2212 30 30 
2178 31 31 
2190 32 32 
2204 33 33 
2176 34 34 
2170 35 35 
2190 36 36 
2214 37 37 
2178 38 38 
2204 39 39 
2180 40 40 
2134 41 41 
2162 42 42 
2160 43 43 
2212 44 44 
2178 45 45 
2190 46 46 
2204 47 47 
2160 1 1 
2212 2 2 
2178 3 3 
2190 4 4 
2204 5 5 
2176 6 6 
2170 7 7 
2190 8 8 
2214 9 9 
2178 10 10 
2204 11 11 
2180 12 12 
2134 13 13 
2162 14 14 
2160 15 15 
2212 16 16 
2178 17 17 
2190 18 18 
2204 19 19 
2176 20 20 
2170 21 21 
2190 22 22 
2214 23 23 
2178 24 24 
2204 25 25 
2180 26 26 
2134 27 27 
2162 28 28 
2160 29 29 
2212 30 30 
2178 31 31 
2190 32 32 
2204 33 33 
2176 34 34 
2170 35 35 
2190 36 36 
2214 37 37 
2178 38 38 
2204 39 39 
2180 40 40 
2134 41 41 
2162 42 42 
2160 43 43 
2212 44 44 
2178 45 45 
2190 46 46 
2204 47 47 
2176 48 48 
2170 49 49 
2190 50 50 
2214 51 51 
2160 1 1 
2212 2 2 
2178 3 3 
2190 4 4 
2204 5 5 
2176 6 6 
2170 7 7 
2190 8 8 
2214 9 9 
2178 10 10 
2204 11 11 
2180 12 12 
2134 13 13 
2162 14 14 
2160 15 15 
2212 16 16 
2178 17 17 
2190 18 18 
2204 19 19 
2176 20 20 
2170 21 21 
2190 22 22 
2214 23 23 
2178 24 24 
2204 25 25 
2180 26 26 
2134 27 27 
2162 28 28 
2160 29 29 
2212 30 30 
2178 31 31 
2190 32 32 
2204 33 33 
2176 34 34 
2170 35 35 
2190 36 36 
2214 37 37 
2178 38 38 
2204 39 39 
2180 40 40 
2134 41 41 
2162 42 42 
2160 43 43 
2212 44 44 
2178 45 45 
2190 46 46 
2204 47 47 
2176 48 48 
2170 49 49 
2190 50 50 
2214 51 51 
2178 52 52 
2204 53 53 
2180 54 54 
2134 55 55 
2162 56 56 
2160 57 57 
2212 58 58 
2178 59 59 
2190 60 60 
2204 61 61 
2176 62 62 
2170 63 63 
2190 64 64 
2214 65 65 
2178 66 66 
2204 67 67 
2180 68 68 
2134 69 69 
2162 70 70 
2160 71 71 
2212 72 72 
2160 1 1 
2212 2 2 
2178 3 3 
2190 4 4 
2204 5 5 
2176 6 6 
2170 7 7 
2190 8 8 
2214 9 9 
2178 10 10 
2204 11 11 
2180 12 12 
2134 13 13 
2162 14 14 
2160 15 15 
2212 16 16 
2178 17 17 
2190 18 18 
2204 19 19 
2176 20 20 
2170 21 21 
2190 22 22 
2214 23 23 
2178 24 24 
2204 25 25 
2180 26 26 
2134 27 27 
2162 28 28 
2160 29 29 
2212 30 30 
2178 31 31 
2190 32 32 
2204 33 33 
2176 34 34 
2170 35 35 
2190 36 36 
2214 37 37 
2178 38 38 
2204 39 39 
2180 40 40 
2134 41 41 
2162 42 42 
2160 43 43 
2212 44 44 
2178 45 45 
2190 46 46 
2204 47 47 
2176 48 48 
2170 49 49 
2190 50 50 
2214 51 51 
2178 52 52 
2204 53 53 
2180 54 54 
2134 55 55 
2162 56 56 
2160 57 57 
2212 58 58 
2178 59 59 
2190 60 60 
2204 61 61 
2176 62 62 
2170 63 63 
2190 64 64 
2160 1 1 
2212 2 2 
2178 3 3 
2190 4 4 
2204 5 5 
2176 6 6 
2170 7 7 
2190 8 8 
2214 9 9 
2178 10 10 
2204 11 11 
2180 12 12 
2134 13 13 
2162 14 14 
2160 15 15 
2212 16 16 
2178 17 17 
2190 18 18 
2204 19 19 
2176 20 20 
2170 21 21 
2190 22 22 
2214 23 23 
2178 24 24 
2204 25 25 
2180 26 26 
2134 27 27 
2162 28 28 
2160 29 29 
2212 30 30 
2178 31 31 
2190 32 32 
2204 33 33 
2176 34 34 
2170 35 35 
2190 36 36 
2214 37 37 
2178 38 38 
2204 39 39 
2180 40 40 
2134 41 41 
2162 42 42 
2160 43 43 
2212 44 44 
2178 45 45 
2190 46 46 
2204 47 47 
2176 48 48 
2170 49 49 
2190 50 50 
2214 51 51 
2178 52 52 
2204 53 53 
2180 54 54 
2134 55 55 
2162 56 56 
2160 57 57 
2212 58 58 
2178 59 59 
2198 1 2 
2170 2 3 
2152 3 4 
2134 4 5 
2176 5 6 
2178 6 7 
2166 7 8 
2204 8 9 
2160 9 10 
2214 10 11 
2144 11 12 
2204 12 13 
2188 13 14 
2198 14 16 
2170 15 17 
2152 16 18 
2134 17 19 
2176 18 20 
2178 19 21 
2166 20 22 
2204 21 23 
2160 22 24 
2214 23 25 
2144 24 26 
2204 25 27 
2188 26 28 
2198 27 30 
2170 28 31 
2152 29 32 
2134 30 33 
2176 31 34 
2178 32 35 
2166 33 36 
2204 34 37 
2160 35 38 
2214 36 39 
2144 37 40 
2204 38 41 
2188 39 42 
2198 40 44 
2170 41 45 
2152 42 46 
2134 43 47 
2176 44 48 
2178 45 49 
2166 46 50 
2204 47 51 
2160 48 52 
2214 49 53 
2144 50 54 
2204 51 55 
2188 52 56 
2198 53 58 
2170 54 59 
2152 55 60 
2134 56 61 
2176 57 62 
2178 58 63 
2166 59 64 
2204 60 65 
2160 61 66 
2214 62 67 
2144 63 68 
2204 64 69 
2188 65 70 
2198 66 72 
2170 67 73 
2152 68 74 
2134 69 75 
2176 70 76 
2178 71 77 
2166 72 78 
2204 73 79 
2160 74 80 
2214 75 81 
2144 76 82 
2204 77 83 
2188 78 84 
2198 79 86 
2170 80 87 
2152 81 88 
2134 82 89 
2176 83 90 
2178 84 91 
2166 85 92 
2204 86 93 
2160 1 1 
2212 2 2 
2178 3 3 
2190 4 4 
2204 5 5 
2176 6 6 
2170 7 7 
2190 8 8 
2214 9 9 
2178 10 10 
2204 11 11 
2180 12 12 
2134 13 13 
2162 14 14 
2160 15 15 
2212 16 16 
2178 17 17 
2190 18 18 
2204 19 19 
2176 20 20 
2170 21 21 
2190 22 22 
2214 23 23 
2178 24 24 
2204 25 25 
2180 26 26 
2134 27 27 
2162 28 28 
2160 29 29 
2212 30 30 
2178 31 31 
2190 32 32 
2204 33 33 
2176 34 34 
2170 35 35 
2190 36 36 
2214 37 37 
2178 38 38 
2204 39 39 
2180 40 40 
2134 41 41 
2162 42 42 
2160 43 43 
2212 44 44 
2178 45 45 
2190 46 46 
2204 47 47 
2176 48 48 
2170 49 49 
2190 50 50 
2214 51 51 
2178 52 52 
2204 53 53 
2180 54 54 
2134 55 55 
2162 56 56 
2160 57 57 
2212 58 58 
2178 59 59 
2190 60 60 
2204 61 61 
2176 62 62 
2170 63 63 
2190 64 64 
2214 65 65 
2178 66 66 
2204 67 67 
2180 68 68 
2134 69 69 
2162 70 70 
2160 1 1 
2212 2 2 
2178 3 3 
2190 4 4 
2204 5 5 
2176 6 6 
2170 7 7 
2190 8 8 
2214 9 9 
2178 10 10 
2204 11 11 
2180 12 12 
2134 13 13 
2162 14 14 
2160 15 15 
2212 16 16 
2178 17 17 
2190 18 18 
2204 19 19 
2176 20 20 
2170 21 21 
2190 22 22 
2214 23 23 
2178 24 24 
2204 25 25 
2180 26 26 
2134 27 27 
2162 28 28 
2160 29 29 
2212 30 30 
2178 31 31 
2190 32 32 
2204 33 33 
2176 34 34 
2170 35 35 
2190 36 36 
2214 37 37 
2178 38 38 
2204 39 39 
2180 40 40 
2134 41 41 
2162 42 42 
2160 43 43 
2212 44 44 
2178 45 45 
2190 46 46 
2204 47 47 
2176 48 48 
2170 49 49 
2190 50 50 
2214 51 51 
2178 52 52 
2204 53 53 
