299 1 2005 
378 2 2089 
2198 1 2 
2170 2 3 
2152 3 4 
2134 4 5 
2176 5 6 
2178 6 7 
2166 7 8 
2204 8 9 
2160 9 10 
2214 10 11 
2144 11 12 
2204 12 13 
2188 13 14 
2198 14 16 
2170 15 17 
2152 16 18 
2134 17 19 
2176 18 20 
2178 19 21 
2166 20 22 
2204 21 23 
2160 22 24 
2214 23 25 
2144 24 26 
2204 25 27 
2188 26 28 
2198 27 30 
2170 28 31 
2152 29 32 
2134 30 33 
2176 31 34 
2178 32 35 
2166 33 36 
2204 34 37 
2160 35 38 
2214 36 39 
2144 37 40 
2204 38 41 
2188 39 42 
2198 40 44 
2170 41 45 
2152 42 46 
2134 43 47 
2176 44 48 
2178 45 49 
2166 46 50 
2204 47 51 
2160 48 52 
2214 49 53 
2144 50 54 
2204 51 55 
2188 52 56 
2198 53 58 
2170 54 59 
2152 55 60 
2134 56 61 
2176 57 62 
2178 58 63 
2166 59 64 
2204 60 65 
2160 61 66 
2214 62 67 
2144 63 68 
2204 64 69 
2188 65 70 
2198 66 72 
2170 67 73 
2152 68 74 
2134 69 75 
2176 70 76 
2178 71 77 
2166 72 78 
2204 73 79 
2160 74 80 
2214 75 81 
2144 76 82 
2204 77 83 
2188 78 84 
2198 79 86 
2170 80 87 
2152 81 88 
2134 82 89 
2176 83 90 
2178 84 91 
2166 85 92 
2204 86 93 
2160 87 94 
2214 88 95 
2144 89 96 
2204 90 97 
2188 91 98 
2198 92 100 
2170 93 101 
2152 94 102 
2134 95 103 
2176 96 104 
2178 97 105 
2166 98 106 
2204 99 107 
2160 100 108 
2214 101 109 
2144 102 110 
2204 103 111 
2188 104 112 
2198 105 114 
2170 106 115 
2152 107 116 
2134 108 117 
2176 109 118 
2178 110 119 
2166 111 120 
2204 112 121 
2160 113 122 
2214 114 123 
2144 115 124 
2204 116 125 
2188 117 126 
2198 118 128 
2170 119 129 
2152 120 130 
2134 121 131 
2176 122 132 
2178 123 133 
2166 124 134 
2204 125 135 
2160 126 136 
2214 127 137 
2144 128 138 
2204 129 139 
2188 130 140 
2198 131 142 
2170 132 143 
2152 133 144 
2134 134 145 
2176 135 146 
2178 136 147 
2166 137 148 
2204 138 149 
2160 139 150 
2214 140 151 
2144 141 152 
2204 142 153 
2188 143 154 
2198 144 156 
2170 145 157 
2152 146 158 
2134 147 159 
2176 148 160 
2178 149 161 
2166 150 162 
2204 151 163 
2160 152 164 
2214 153 165 
2144 154 166 
2204 155 167 
2188 156 168 
2198 157 170 
2170 158 171 
2152 159 172 
2134 160 173 
2176 161 174 
2178 162 175 
2166 163 176 
2204 164 177 
2160 165 178 
2214 166 179 
2144 167 180 
2204 168 181 
2188 169 182 
2198 170 184 
2170 171 185 
2152 172 186 
2134 173 187 
2176 174 188 
2178 175 189 
2166 176 190 
2204 177 191 
2160 178 192 
2214 179 193 
2144 180 194 
2204 181 195 
2188 182 196 
2198 183 198 
2170 184 199 
2152 185 200 
2134 186 201 
2176 187 202 
2178 188 203 
2166 189 204 
2204 190 205 
2160 191 206 
2214 192 207 
2144 193 208 
2204 194 209 
2188 195 210 
2198 196 212 
2170 197 213 
2152 198 214 
2134 199 215 
2176 200 216 
2178 201 217 
2166 202 218 
2204 203 219 
2160 204 220 
2214 205 221 
2144 206 222 
2204 207 223 
2188 208 224 
2198 209 226 
2170 210 227 
2152 211 228 
2134 212 229 
2176 213 230 
2178 214 231 
2166 215 232 
2204 216 233 
2160 217 234 
2214 218 235 
2144 219 236 
2198 1 2 
2170 2 3 
2152 3 4 
2134 4 5 
2176 5 6 
2178 6 7 
2166 7 8 
2204 8 9 
2160 9 10 
2214 10 11 
2144 11 12 
2204 12 13 
2188 13 14 
2198 14 16 
2170 15 17 
2152 16 18 
2134 17 19 
2176 18 20 
2178 19 21 
2166 20 22 
2204 21 23 
2160 22 24 
2214 23 25 
2144 24 26 
2204 25 27 
2188 26 28 
2198 27 30 
2170 28 31 
2152 29 32 
2134 30 33 
2176 31 34 
2178 32 35 
2166 33 36 
2204 34 37 
2160 35 38 
2214 36 39 
2144 37 40 
2204 38 41 
2188 39 42 
2198 40 44 
2170 41 45 
2152 42 46 
2134 43 47 
2176 44 48 
2178 45 49 
2166 46 50 
2204 47 51 
2160 48 52 
2214 49 53 
2144 50 54 
2204 51 55 
2188 52 56 
2198 1 2 
2170 2 3 
2152 3 4 
2134 4 5 
2176 5 6 
2178 6 7 
2166 7 8 
2204 8 9 
2160 9 10 
2214 10 11 
2144 11 12 
2204 12 13 
2188 13 14 
2198 14 16 
2170 15 17 
2152 16 18 
2134 17 19 
2176 18 20 
2178 19 21 
2166 20 22 
2204 21 23 
2160 22 24 
2214 23 25 
2144 24 26 
2204 25 27 
2188 26 28 
2198 27 30 
2170 28 31 
2152 29 32 
2134 30 33 
2176 31 34 
2178 32 35 
2166 33 36 
2204 34 37 
2160 35 38 
2214 36 39 
2144 37 40 
2204 38 41 
2188 39 42 
2198 40 44 
2170 41 45 
2152 42 46 
2134 43 47 
2176 44 48 
2178 45 49 
2166 46 50 
2204 47 51 
2160 48 52 
2214 49 53 
2144 50 54 
2204 51 55 
2188 52 56 
2198 53 58 
2170 54 59 
2152 55 60 
2134 56 61 
2176 57 62 
2178 58 63 
2166 59 64 
2204 60 65 
2160 61 66 
2214 62 67 
2144 63 68 
2204 64 69 
2188 65 70 
2198 66 72 
2170 67 73 
2152 68 74 
2134 69 75 
